Grid Search Results for Logistic Regression Parameters
============================================================

Number of training samples: 1310
Number of features: 93
Number of classes: 3
Cross-validation folds: 5

C          Max Iter   Mean Accuracy   Std Dev    Time (s)  
------------------------------------------------------------
0.001      10         0.811450      0.029228   0.04
0.001      20         0.811450      0.029228   0.05
0.001      30         0.811450      0.029228   0.01
0.001      40         0.811450      0.029228   0.01
0.001      50         0.811450      0.029228   0.01
0.001      60         0.811450      0.029228   0.02
0.001      70         0.811450      0.029228   0.01
0.001      80         0.811450      0.029228   0.01
0.001      90         0.811450      0.029228   0.01
0.001      100        0.811450      0.029228   0.01
0.01       10         0.848092      0.027032   0.01
0.01       20         0.845802      0.026946   0.02
0.01       30         0.845802      0.026946   0.02
0.01       40         0.845802      0.026946   0.02
0.01       50         0.845802      0.026946   0.03
0.01       60         0.845802      0.026946   0.03
0.01       70         0.845802      0.026946   0.02
0.01       80         0.845802      0.026946   0.02
0.01       90         0.845802      0.026946   0.02
0.01       100        0.845802      0.026946   0.02
0.1        10         0.866412      0.030247   0.02
0.1        20         0.864122      0.027902   0.02
0.1        30         0.863359      0.028089   0.03
0.1        40         0.863359      0.028089   0.03
0.1        50         0.863359      0.028089   0.03
0.1        60         0.863359      0.028089   0.03
0.1        70         0.863359      0.028089   0.03
0.1        80         0.863359      0.028089   0.02
0.1        90         0.863359      0.028089   0.02
0.1        100        0.863359      0.028089   0.02
1          10         0.870992      0.024783   0.01
1          20         0.878626      0.025478   0.02
1          30         0.875573      0.022464   0.03
1          40         0.876336      0.023848   0.04
1          50         0.877099      0.025017   0.04
1          60         0.877099      0.025017   0.04
1          70         0.877099      0.025017   0.03
1          80         0.877099      0.025017   0.03
1          90         0.877099      0.025017   0.03
1          100        0.877099      0.025017   0.03
10         10         0.872519      0.024688   0.01
10         20         0.875573      0.026510   0.02
10         30         0.868702      0.024212   0.03
10         40         0.868702      0.025387   0.04
10         50         0.869466      0.025932   0.04
10         60         0.870229      0.021591   0.05
10         70         0.870229      0.021591   0.06
10         80         0.870229      0.021591   0.06
10         90         0.870992      0.021913   0.06
10         100        0.870992      0.021913   0.06
100        10         0.872519      0.024688   0.01
100        20         0.876336      0.025729   0.02
100        30         0.867939      0.022203   0.03
100        40         0.870229      0.024970   0.04
100        50         0.865649      0.022568   0.04
100        60         0.867939      0.023970   0.05
100        70         0.869466      0.023824   0.06
100        80         0.870229      0.020197   0.06
100        90         0.869466      0.021237   0.07
100        100        0.869466      0.022438   0.07

------------------------------------------------------------
Best parameters: C=1, max_iter=20
Best cross-validation accuracy: 0.878626

Cross-validation scores with best hyperparameters (C=1, max_iter=20):
------------------------------------------------------------

Cross-validation scores by fold:
Fold 1: 0.881679
Fold 2: 0.843511
Fold 3: 0.916031
Fold 4: 0.893130
Fold 5: 0.858779
Mean accuracy: 0.878626
Standard deviation: 0.025478

Classification Report (Cross-Validation):
              precision    recall  f1-score   support

       Pizza       0.91      0.87      0.89       109
    Shawarma       0.87      0.89      0.88       109
       Sushi       0.86      0.88      0.87       109

    accuracy                           0.88       327
   macro avg       0.88      0.88      0.88       327
weighted avg       0.88      0.88      0.88       327
